32
0 1
0 26
0 4
0 6
1 0
1 21
1 14
1 7
2 9
2 27
2 20
2 28
3 25
3 18
3 27
3 20
4 8
4 0
4 26
4 31
5 24
5 9
5 26
5 17
6 0
6 17
6 12
6 15
7 1
7 11
7 30
7 14
8 17
8 19
8 4
8 23
9 10
9 2
9 5
9 30
10 24
10 9
10 26
10 16
11 18
11 27
11 28
11 7
12 24
12 17
12 27
12 6
13 16
13 29
13 30
13 22
14 1
14 19
14 22
14 7
15 31
15 29
15 6
15 23
16 13
16 10
16 29
16 30
17 8
17 12
17 5
17 6
18 11
18 25
18 3
18 31
19 24
19 8
19 14
19 25
20 2
20 3
20 22
20 23
21 25
21 1
21 22
21 31
22 13
22 20
22 21
22 14
23 8
23 20
23 28
23 15
24 10
24 19
24 12
24 5
25 19
25 18
25 3
25 21
26 0
26 10
26 4
26 5
27 11
27 2
27 3
27 12
28 2
28 11
28 29
28 23
29 16
29 28
29 13
29 15
30 16
30 9
30 13
30 7
31 18
31 4
31 21
31 15
